61 
40 
12 
63 
37 
27 
41 
64 
22 
36 
30 
76 
26 
31 
44 
26 
48 
19 
23 
52 
61 
26 
25 
59 
43 
14 
38 
34 
23 
36 
21 
61 
48 
50 
36 
23 
63 
15 
48 
45 
37 
44 
25 
23 
41 
45 
20 
22 
32 
20 
21 
46 
60 
63 
15 
54 
33 
52 
49 
25 
23 
26 
15 
22 
0 
45 
64 
31 
14 
45 
14 
26 
33 
72 
22 
14 
26 
40 
13 
42 
39 
28 
60 
14 
33 
33 
44 
47 
13 
55 
65 
15 
51 
27 
61 
52 
21 
59 
21 
15 
27 
63 
25 
45 
87 
31 
68 
32 
31 
26 
27 
20 
63 
63 
53 
22 
55 
31 
31 
46 
18 
35 
84 
36 
38 
64 
65 
24 
21 
36 
27 
53 
32 
19 
48 
59 
24 
37 
13 
43 
30 
48 
42 
43 
54 
59 
79 
46 
30 
26 
35 
28 
44 
73 
30 
45 
59 
49 
61 
11 
19 
20 
41 
24 
58 
22 
20 
19 
51 
25 
27 
14 
61 
64 
22 
13 
22 
20 
22 
20 
46 
18 
63 
43 
32 
46 
47 
61 
24 
67 
18 
14 
42 
82 
60 
15 
48 
44 
25 
22 
38 
59 
58 
70 
26 
45 
30 
11 
72 
41 
12 
62 
23 
74 
25 
54 
35 
52 
59 
80 
30 
38 
32 
37 
51 
45 
27 
23 
14 
48 
40 
27 
72 
13 
24 
90 
19 
28 
13 
76 
25 
88 
21 
39 
23 
58 
49 
27 
57 
46 
42 
25 
31 
28 
33 
28 
48 
24 
86 
34 
20 
25 
42 
52 
32 
20 
24 
43 
25 
21 
14 
24 
49 
21 
61 
24 
30 
31 
12 
41 
33 
22 
59 
25 
35 
30 
30 
45 
26 
55 
23 
34 
25 
40 
28 
79 
37 
42 
12 
16 
27 
58 
70 
26 
25 
70 
45 
23 
48 
19 
64 
52 
23 
61 
60 
62 
60 
48 
59 
23 
42 
14 
70 
25 
68 
24 
24 
23 
14 
48 
54 
68 
22 
35 
77 
24 
14 
24 
22 
27 
46 
61 
48 
21 
57 
62 
44 
46 
26 
21 
20 
13 
21 
29 
47 
25 
43 
89 
68 
47 
36 
63 
28 
30 
30 
24 
25 
43 
27 
84 
22 
64 
61 
44 
48 
21 
76 
62 
83 
47 
61 
14 
35 
43 
26 
29 
13 
62 
30 
54 
36 
33 
63 
18 
46 
25 
74 
28 
12 
25 
72 
33 
49 
21 
22 
61 
21 
24 
50 
26 
66 
21 
59 
18 
47 
25 
31 
63 
70 
62 
46 
64 
68 
60 
49 
22 
83 
25 
72 
46 
21 
13 
30 
48 
65 
44 
52 
28 
13 
86 
44 
23 
46 
25 
23 
80 
26 
45 
14 
20 
51 
49 
70 
76 
20 
23 
48 
20 
41 
21 
65 
33 
21 
50 
31 
31 
23 
46 
43 
52 
49 
12 
50 
41 
27 
26 
45 
22 
31 
13 
72 
23 
20 
49 
24 
54 
31 
35 
17 
50 
49 
50 
28 
14 
41 
16 
23 
35 
23 
64 
59 
24 
37 
19 
74 
60 
33 
31 
32 
23 
75 
68 
47 
66 
73 
58 
38 
51 
48 
34 
48 
49 
68 
32 
23 
35 
24 
27 
23 
33 
24 
87 
56 
20 
35 
26 
44 
42 
58 
46 
49 
58 
26 
13 
25 
57 
20 
22 
58 
46 
46 
23 
35 
28 
47 
64 
64 
64 
53 
44 
21 
57 
60 
46 
49 
32 
32 
21 
37 
30 
27 
23 
46 
21 
45 
21 
15 
37 
49 
33 
13 
46 
55 
44 
51 
53 
78 
45 
61 
21 
120 
40 
25 
13 
50 
56 
37 
44 
62 
30 
50 
22 
26 
48 
51 
47 
28 
86 
32 
50 
19 
31 
52 
11 
30 
23 
69 
48 
23 
32 
14 
78 
35 
24 
22 
58 
30 
44 
31 
23 
18 
44 
21 
85 
60 
59 
58 
39 
83 
23 
42 
44 
23 
17 
21 
42 
40 
36 
23 
46 
37 
14 
23 
40 
42 
74 
19 
29 
27 
35 
46 
53 
38 
55 
37 
64 
19 
32 
48 
43 
57 
28 
54 
62 
29 
22 
49 
48 
27 
14 
46 
25 
15 
21 
24 
21 
13 
66 
32 
62 
39 
38 
15 
102 
63 
11 
21 
25 
42 
25 
45 
35 
66 
55 
53 
22 
21 
37 
20 
33 
36 
20 
46 
44 
27 
20 
51 
62 
24 
58 
44 
38 
37 
19 
20 
23 
27 
44 
21 
14 
95 
23 
47 
13 
65 
47 
27 
51 
34 
22 
63 
11 
30 
11 
23 
60 
17 
58 
14 
52 
48 
26 
25 
12 
32 
49 
0 
17 
72 
13 
43 
17 
50 
34 
58 
55 
77 
48 
67 
54 
49 
12 
52 
72 
42 
48 
51 
30 
21 
70 
49 
32 
47 
46 
22 
51 
40 
14 
21 
66 
15 
94 
51 
44 
46 
70 
27 
29 
68 
37 
102 
25 
52 
22 
13 
32 
49 
27 
15 
43 
19 
30 
48 
32 
57 
47 
54 
94 
66 
46 
32 
33 
30 
58 
45 
15 
19 
56 
21 
14 
26 
24 
74 
13 
24 
48 
38 
24 
59 
50 
45 
49 
51 
67 
21 
44 
28 
24 
23 
57 
70 
62 
18 
27 
38 
34 
22 
70 
48 
25 
35 
24 
15 
59 
57 
76 
47 
24 
25 
45 
45 
67 
28 
32 
19 
23 
63 
39 
20 
63 
44 
35 
32 
26 
26 
15 
50 
60 
24 
20 
46 
21 
69 
21 
32 
50 
70 
13 
78 
22 
29 
32 
27 
25 
33 
108 
16 
77 
22 
65 
63 
85 
23 
20 
54 
22 
12 
23 
24 
21 
47 
24 
14 
39 
24 
18 
56 
43 
15 
74 
42 
58 
23 
47 
15 
42 
14 
21 
86 
28 
14 
41 
41 
27 
43 
19 
31 
38 
39 
63 
21 
74 
27 
17 
28 
29 
22 
47 
21 
82 
24 
22 
40 
22 
43 
74 
14 
28 
41 
0 
47 
55 
61 
72 
57 
46 
59 
61 
44 
24 
59 
14 
22 
65 
48 
22 
45 
73 
26 
69 
13 
13 
24 
52 
62 
